all four DET/CLE games


M_count =

   216
    15
   187
    21

Table of Contents
  LOGISTIC/logit
    Choose E_D soft-assignment, start with E-step  ll = -339.8385, epsilon = 0.005439
    Choose parameter values, start with M-step     ll = -463.9458 epsilon = 0.095179
  GAUSSIAN/probit
    Choose E_D soft-assignment, start with E-step  ll = -341.5183 epsilon = 0.0055041
    Choose parameter values, start with M-step     ll = -337.2387 epsilon = 2.2574e-11
    
    
===========================================================
Bradley-Terry (logit) soft-assignment initialization:
after 37 EM iterations log-likelihood = -339.8385
          i.e. E[Prb{Datapoint}] = 0.46111
epsilon = 0.005439
          offense                    defense             player name
   1pt      2pt      3pt      1pt      2pt      3pt          (num. possessions)
  66.381    5.325  -13.580  -11.793   -0.070   -6.535    Richard Hamilton(178)
  101.990     5.174   -24.439   -13.987     0.006   -21.332    Ronald Murray(50)
  10.305    5.392   -7.594   40.477    0.454   29.576    Chauncey Billups(181)
 -132.785     5.074   -15.877    -0.888     0.739   -23.280    Lindsey Hunter(17)
 -104.317     3.943   -21.758    -2.441     0.108   -15.424    Will Blalock(10)
 -42.745    0.633    2.315  -11.400   -0.779  -10.801    Antonio McDyess(83)
 -15.791   -5.335   -2.298   36.240   -6.643  -25.715    Sasha Pavlovic(122)
   7.505   -5.613   -3.243   -4.992   -6.678   22.032    Daniel Gibson(43)
 -62.707    0.395   18.634  -47.528   -0.493  -12.850    Jason Maxiell(56)
 -37.128    0.375    1.815   11.838   -0.498  -10.236    Rasheed Wallace(137)
  15.590    0.434  -14.498   49.330   -0.373   22.500    Chris Webber(130)
 -25.504    0.396  -42.890  -12.025   -0.388    4.733    Dale Davis(17)
  72.007   -5.136   10.394   41.942   -5.790  -27.597    LeBron James(193)
 -92.566    9.079  -13.584   -5.514    8.464   -3.348    Drew Gooden(155)
 -106.847     9.309   -11.869    16.354     8.743    -3.253    Anderson Varejao(80)
 -22.506    9.422    4.899  -18.613    8.960  -34.596    Zydrunas Ilgauskas(151)
  -8.629    9.451    4.429    9.973    9.134   -2.557    Donyell Marshall(48)
  31.903   -6.168  -17.782  -46.342   -6.435  -26.507    Eric Snow(77)
  120.099     0.542     4.081    12.373     0.355    17.451    Nazr Mohammed(19)
  -14.552    -6.141   -34.700  -115.412    -6.311    54.713    Larry Hughes(184)
  33.525   -6.039   13.940   22.242   -6.100  -14.818    Damon Jones(31)
 -29.401  -10.443   21.844  -40.900   -1.172   -1.513    Tayshaun Prince(177)
  38.820  -10.307   15.622   32.885   -0.878   12.498    Carlos Delfino(50)
  122.226    -5.819    34.598   -17.433     9.588   -14.669    Shannon Brown(6)

RESCALE_EFFECTIVE_SIGMA =

    0.5736

===========================================================
Bradley-Terry (logit) parameter initialization:
after 355 EM iterations log-likelihood = -463.9458
          i.e. E[Prb{Datapoint}] = 0.34756
epsilon = 0.095179
          offense                    defense             player name
   1pt      2pt      3pt      1pt      2pt      3pt          (num. possessions)
 -2353717097.193          -12.063           14.647         2235.067         -519.969           -7.367    Tayshaun Prince(177)
  1507679326.107          -12.344           -6.568        -3965.343         -363.201            1.514    Carlos Delfino(50)
       2788.581         241.873           5.650  -845775150.375          -0.429         -19.621    LeBron James(193)
        4002.423           94.404          -56.267  -2647717635.861          -33.209           52.484    Larry Hughes(184)
         2469.177            96.768            14.323  -16400753695.111           -17.445           -49.898    Sasha Pavlovic(122)
        -521.827           92.379           20.441   3309751840.321           29.884          -35.662    Zydrunas Ilgauskas(151)
 -8935787825.752            1.605          -20.346         9719.748          -50.264           19.420    Chris Webber(130)
  6288070342.557            2.025           -3.059        -7902.237          -49.472           -0.530    Rasheed Wallace(137)
 -11778.933      60.508      43.277      -7.033       9.904     -12.048    Shannon Brown(6)
        -1235.815            66.148             7.550   17026343273.663            30.871             9.711    Donyell Marshall(48)
  8090381568.235            2.402           23.633       -22932.497          -26.218          -12.898    Jason Maxiell(56)
 -7134010139.110            2.324            5.810        18003.132           -1.228          -32.476    Antonio McDyess(83)
  3309874839.067            7.046          -28.677        -9921.094           11.857          -28.125    Ronald Murray(50)
  60.695    1.219  -25.671   23.194    9.743   19.605    Nazr Mohammed(19)
         -70.182            8.013            1.051  -4155396819.267           29.530           -0.909    Anderson Varejao(80)
         -545.076           -28.430           -31.163  -17872226739.965            -2.289            11.146    Drew Gooden(155)
       -9440.317          -73.315          -30.841   1801942363.136          -17.629           10.448    Daniel Gibson(43)
 -2353717118.249            7.220           -5.634         1144.487           86.271           -1.808    Richard Hamilton(178)
       -34501.352          -132.968           -24.218   14047495634.133           -16.666           -48.611    Eric Snow(77)
       41520.825         -178.564           13.691   1507679293.507          -17.584          -12.255    Damon Jones(31)
 -2647717699.469           24.378           -5.353        -1663.337          206.268           34.028    Chauncey Billups(181)
  -19.308   -11.654   -18.463  -342.598   215.878     2.855    Dale Davis(17)
  -52.395    -9.353   -19.086    -1.827   230.784   -11.640    Will Blalock(10)
   -58.479     -7.987     -6.473   7073.013    496.645    -19.097    Lindsey Hunter(17)

